0.000000 0.000000
0.000100 0.004998
0.000200 0.009990
0.000300 0.014978
0.000400 0.019960
0.000500 0.024938
0.000600 0.029913
0.000700 0.034883
0.000800 0.039848
0.000900 0.044808
0.001000 0.049763
0.001100 0.054713
0.001200 0.059659
0.001300 0.064599
0.001400 0.069534
0.001500 0.074465
0.001600 0.079390
0.001700 0.084311
0.001800 0.089227
0.001900 0.094138
0.002000 0.099043
0.002100 0.103944
0.002200 0.108840
0.002300 0.113732
0.002400 0.118618
0.002500 0.123499
0.002600 0.128376
0.002700 0.133247
0.002800 0.138114
0.002900 0.142976
0.003000 0.147833
0.003100 0.152685
0.003200 0.157533
0.003300 0.162375
0.003400 0.167213
0.003500 0.172045
0.003600 0.176873
0.003700 0.181696
0.003800 0.186515
0.003900 0.191328
0.004000 0.196137
0.004100 0.200941
0.004200 0.205740
0.004300 0.210534
0.004400 0.215324
0.004500 0.220108
0.004600 0.224888
0.004700 0.229663
0.004800 0.234434
0.004900 0.239199
0.005000 0.243960
0.005100 0.248716
0.005200 0.253467
0.005300 0.258214
0.005400 0.262956
0.005500 0.267693
0.005600 0.272425
0.005700 0.277153
0.005800 0.281875
0.005900 0.286594
0.006000 0.291307
0.006100 0.296016
0.006200 0.300720
0.006300 0.305419
0.006400 0.310113
0.006500 0.314803
0.006600 0.319489
0.006700 0.324169
0.006800 0.328845
0.006900 0.333516
0.007000 0.338183
0.007100 0.342844
0.007200 0.347501
0.007300 0.352154
0.007400 0.356802
0.007500 0.361445
0.007600 0.366084
0.007700 0.370718
0.007800 0.375347
0.007900 0.379971
0.008000 0.384591
0.008100 0.389207
0.008200 0.393818
0.008300 0.398424
0.008400 0.403025
0.008500 0.407622
0.008600 0.412215
0.008700 0.416803
0.008800 0.421386
0.008900 0.425964
0.009000 0.430538
0.009100 0.435108
0.009200 0.439673
0.009300 0.444233
0.009400 0.448789
0.009500 0.453340
0.009600 0.457887
0.009700 0.462429
0.009800 0.466966
0.009900 0.471499
0.010000 0.476028
0.010100 0.480552
0.010200 0.485071
0.010300 0.489586
0.010400 0.494097
0.010500 0.498603
0.010600 0.503104
0.010700 0.507601
0.010800 0.512093
0.010900 0.516581
0.011000 0.521065
0.011100 0.525544
0.011200 0.530018
0.011300 0.534488
0.011400 0.538954
0.011500 0.543415
0.011600 0.547871
0.011700 0.552323
0.011800 0.556771
0.011900 0.561214
0.012000 0.565653
0.012100 0.565090
0.012200 0.564527
0.012300 0.563965
0.012400 0.563404
0.012500 0.562843
0.012600 0.562280
0.012700 0.561718
0.012800 0.561156
0.012900 0.560595
0.013000 0.560034
0.013100 0.559474
0.013200 0.558915
0.013300 0.558356
0.013400 0.557797
0.013500 0.557240
0.013600 0.556682
0.013700 0.556126
0.013800 0.555570
0.013900 0.555014
0.014000 0.554459
0.014100 0.553905
0.014200 0.553351
0.014300 0.552797
0.014400 0.552244
0.014500 0.551692
0.014600 0.551141
0.014700 0.550589
0.014800 0.550039
0.014900 0.549489
0.015000 0.548939
0.015100 0.548390
0.015200 0.547842
0.015300 0.547294
0.015400 0.546747
0.015500 0.546200
0.015600 0.545654
0.015700 0.545108
0.015800 0.544563
0.015900 0.544019
0.016000 0.543475
0.016100 0.542931
0.016200 0.542388
0.016300 0.541846
0.016400 0.541304
0.016500 0.540763
0.016600 0.540222
0.016700 0.539682
0.016800 0.539142
0.016900 0.538603
0.017000 0.538064
0.017100 0.537526
0.017200 0.536989
0.017300 0.536452
0.017400 0.535915
0.017500 0.535379
0.017600 0.534844
0.017700 0.534309
0.017800 0.533775
0.017900 0.533241
0.018000 0.532708
0.018100 0.532175
0.018200 0.531643
0.018300 0.531111
0.018400 0.530580
0.018500 0.530049
0.018600 0.529519
0.018700 0.528990
0.018800 0.528461
0.018900 0.527932
0.019000 0.527405
0.019100 0.526877
0.019200 0.526350
0.019300 0.525824
0.019400 0.525298
0.019500 0.524773
0.019600 0.524248
0.019700 0.523724
0.019800 0.523200
0.019900 0.522677
0.020000 0.522154
0.020100 0.526629
0.020200 0.531100
0.020300 0.535567
0.020400 0.540029
0.020500 0.544486
0.020600 0.548942
0.020700 0.553393
0.020800 0.557839
0.020900 0.562282
0.021000 0.566719
0.021100 0.571153
0.021200 0.575581
0.021300 0.580006
0.021400 0.584426
0.021500 0.588841
0.021600 0.593253
0.021700 0.597659
0.021800 0.602062
0.021900 0.606460
0.022000 0.610853
0.022100 0.615242
0.022200 0.619627
0.022300 0.624007
0.022400 0.628383
0.022500 0.632755
0.022600 0.637122
0.022700 0.641485
0.022800 0.645844
0.022900 0.650198
0.023000 0.654548
0.023100 0.658893
0.023200 0.663234
0.023300 0.667571
0.023400 0.671903
0.023500 0.676231
0.023600 0.680555
0.023700 0.684875
0.023800 0.689190
0.023900 0.693501
0.024000 0.697807
0.024100 0.702109
0.024200 0.706407
0.024300 0.710701
0.024400 0.714990
0.024500 0.719275
0.024600 0.723556
0.024700 0.727832
0.024800 0.732104
0.024900 0.736372
0.025000 0.740636
0.025100 0.744895
0.025200 0.749150
0.025300 0.753401
0.025400 0.757648
0.025500 0.761890
0.025600 0.766128
0.025700 0.770362
0.025800 0.774592
0.025900 0.778817
0.026000 0.783038
0.026100 0.787255
0.026200 0.791468
0.026300 0.795677
0.026400 0.799881
0.026500 0.804081
0.026600 0.808277
0.026700 0.812469
0.026800 0.816656
0.026900 0.820840
0.027000 0.825019
0.027100 0.829194
0.027200 0.833365
0.027300 0.837531
0.027400 0.841694
0.027500 0.845852
0.027600 0.850006
0.027700 0.854156
0.027800 0.858302
0.027900 0.862444
0.028000 0.866581
0.028100 0.870715
0.028200 0.874844
0.028300 0.878969
0.028400 0.883090
0.028500 0.887207
0.028600 0.891320
0.028700 0.895428
0.028800 0.899533
0.028900 0.903634
0.029000 0.907730
0.029100 0.911822
0.029200 0.915910
0.029300 0.919994
0.029400 0.924074
0.029500 0.928150
0.029600 0.932222
0.029700 0.936290
0.029800 0.940354
0.029900 0.944413
0.030000 0.948469
0.030100 0.952520
0.030200 0.956568
0.030300 0.960611
0.030400 0.964651
0.030500 0.968686
0.030600 0.972717
0.030700 0.976745
0.030800 0.980768
0.030900 0.984787
0.031000 0.988802
0.031100 0.992814
0.031200 0.996821
0.031300 1.000824
0.031400 1.004823
0.031500 1.008818
0.031600 1.012810
0.031700 1.016797
0.031800 1.020780
0.031900 1.024759
0.032000 1.028734
0.032100 1.027708
0.032200 1.026683
0.032300 1.025659
0.032400 1.024636
0.032500 1.023613
0.032600 1.022590
0.032700 1.021567
0.032800 1.020546
0.032900 1.019525
0.033000 1.018506
0.033100 1.017487
0.033200 1.016470
0.033300 1.015453
0.033400 1.014438
0.033500 1.013423
0.033600 1.012410
0.033700 1.011397
0.033800 1.010386
0.033900 1.009376
0.034000 1.008366
0.034100 1.007358
0.034200 1.006350
0.034300 1.005344
0.034400 1.004339
0.034500 1.003334
0.034600 1.002331
0.034700 1.001329
0.034800 1.000327
0.034900 0.999327
0.035000 0.998328
0.035100 0.997329
0.035200 0.996332
0.035300 0.995336
0.035400 0.994340
0.035500 0.993346
0.035600 0.992353
0.035700 0.991360
0.035800 0.990369
0.035900 0.989379
0.036000 0.988389
0.036100 0.987401
0.036200 0.986414
0.036300 0.985427
0.036400 0.984442
0.036500 0.983457
0.036600 0.982474
0.036700 0.981491
0.036800 0.980510
0.036900 0.979529
0.037000 0.978550
0.037100 0.977571
0.037200 0.976594
0.037300 0.975617
0.037400 0.974641
0.037500 0.973667
0.037600 0.972693
0.037700 0.971720
0.037800 0.970749
0.037900 0.969778
0.038000 0.968808
0.038100 0.967839
0.038200 0.966872
0.038300 0.965905
0.038400 0.964939
0.038500 0.963974
0.038600 0.963010
0.038700 0.962047
0.038800 0.961085
0.038900 0.960124
0.039000 0.959164
0.039100 0.958204
0.039200 0.957246
0.039300 0.956289
0.039400 0.955333
0.039500 0.954377
0.039600 0.953423
0.039700 0.952470
0.039800 0.951517
0.039900 0.950566
0.040000 0.949615
0.040100 0.953663
0.040200 0.957707
0.040300 0.961747
0.040400 0.965782
0.040500 0.969814
0.040600 0.973844
0.040700 0.977870
0.040800 0.981893
0.040900 0.985911
0.041000 0.989925
0.041100 0.993935
0.041200 0.997941
0.041300 1.001943
0.041400 1.005941
0.041500 1.009935
0.041600 1.013925
0.041700 1.017911
0.041800 1.021893
0.041900 1.025871
0.042000 1.029846
0.042100 1.033816
0.042200 1.037782
0.042300 1.041744
0.042400 1.045702
0.042500 1.049657
0.042600 1.053607
0.042700 1.057553
0.042800 1.061496
0.042900 1.065434
0.043000 1.069369
0.043100 1.073299
0.043200 1.077226
0.043300 1.081149
0.043400 1.085068
0.043500 1.088983
0.043600 1.092894
0.043700 1.096801
0.043800 1.100704
0.043900 1.104603
0.044000 1.108499
0.044100 1.112390
0.044200 1.116278
0.044300 1.120162
0.044400 1.124041
0.044500 1.127917
0.044600 1.131789
0.044700 1.135658
0.044800 1.139522
0.044900 1.143383
0.045000 1.147239
0.045100 1.151092
0.045200 1.154941
0.045300 1.158786
0.045400 1.162627
0.045500 1.166464
0.045600 1.170298
0.045700 1.174128
0.045800 1.177954
0.045900 1.181776
0.046000 1.185594
0.046100 1.189408
0.046200 1.193219
0.046300 1.197026
0.046400 1.200829
0.046500 1.204628
0.046600 1.208423
0.046700 1.212215
0.046800 1.216002
0.046900 1.219786
0.047000 1.223567
0.047100 1.227343
0.047200 1.231116
0.047300 1.234885
0.047400 1.238650
0.047500 1.242411
0.047600 1.246169
0.047700 1.249923
0.047800 1.253673
0.047900 1.257419
0.048000 1.261162
0.048100 1.264900
0.048200 1.268635
0.048300 1.272367
0.048400 1.276094
0.048500 1.279818
0.048600 1.283539
0.048700 1.287255
0.048800 1.290968
0.048900 1.294677
0.049000 1.298382
0.049100 1.302084
0.049200 1.305782
0.049300 1.309476
0.049400 1.313166
0.049500 1.316853
0.049600 1.320536
0.049700 1.324216
0.049800 1.327892
0.049900 1.331564
0.050000 1.335232
0.050100 1.338897
0.050200 1.342558
0.050300 1.346215
0.050400 1.349869
0.050500 1.353519
0.050600 1.357166
0.050700 1.360809
0.050800 1.364448
0.050900 1.368083
0.051000 1.371715
0.051100 1.375344
0.051200 1.378968
0.051300 1.382589
0.051400 1.386207
0.051500 1.389821
0.051600 1.393431
0.051700 1.397037
0.051800 1.400640
0.051900 1.404240
0.052000 1.407835
0.052100 1.406430
0.052200 1.405026
0.052300 1.403624
0.052400 1.402222
0.052500 1.400823
0.052600 1.399422
0.052700 1.398022
0.052800 1.396624
0.052900 1.395228
0.053000 1.393833
0.053100 1.392439
0.053200 1.391046
0.053300 1.389655
0.053400 1.388266
0.053500 1.386877
0.053600 1.385490
0.053700 1.384105
0.053800 1.382721
0.053900 1.381338
0.054000 1.379957
0.054100 1.378577
0.054200 1.377198
0.054300 1.375821
0.054400 1.374445
0.054500 1.373071
0.054600 1.371698
0.054700 1.370326
0.054800 1.368956
0.054900 1.367587
0.055000 1.366219
0.055100 1.364853
0.055200 1.363488
0.055300 1.362125
0.055400 1.360762
0.055500 1.359402
0.055600 1.358042
0.055700 1.356684
0.055800 1.355328
0.055900 1.353972
0.056000 1.352618
0.056100 1.351266
0.056200 1.349914
0.056300 1.348565
0.056400 1.347216
0.056500 1.345869
0.056600 1.344523
0.056700 1.343178
0.056800 1.341835
0.056900 1.340493
0.057000 1.339153
0.057100 1.337814
0.057200 1.336476
0.057300 1.335139
0.057400 1.333804
0.057500 1.332470
0.057600 1.331138
0.057700 1.329807
0.057800 1.328477
0.057900 1.327149
0.058000 1.325821
0.058100 1.324496
0.058200 1.323171
0.058300 1.321848
0.058400 1.320526
0.058500 1.319206
0.058600 1.317886
0.058700 1.316568
0.058800 1.315252
0.058900 1.313937
0.059000 1.312623
0.059100 1.311310
0.059200 1.309999
0.059300 1.308689
0.059400 1.307380
0.059500 1.306073
0.059600 1.304767
0.059700 1.303462
0.059800 1.302158
0.059900 1.300856
0.060000 1.299555
0.060100 1.303253
0.060200 1.306948
0.060300 1.310638
0.060400 1.314325
0.060500 1.318008
0.060600 1.321690
0.060700 1.325369
0.060800 1.329043
0.060900 1.332714
0.061000 1.336381
0.061100 1.340045
0.061200 1.343705
0.061300 1.347361
0.061400 1.351014
0.061500 1.354663
0.061600 1.358308
0.061700 1.361950
0.061800 1.365588
0.061900 1.369222
0.062000 1.372853
0.062100 1.376480
0.062200 1.380104
0.062300 1.383724
0.062400 1.387340
0.062500 1.390953
0.062600 1.394562
0.062700 1.398167
0.062800 1.401769
0.062900 1.405367
0.063000 1.408962
0.063100 1.412553
0.063200 1.416140
0.063300 1.419724
0.063400 1.423304
0.063500 1.426881
0.063600 1.430454
0.063700 1.434024
0.063800 1.437590
0.063900 1.441152
0.064000 1.444711
0.064100 1.448266
0.064200 1.451818
0.064300 1.455366
0.064400 1.458911
0.064500 1.462452
0.064600 1.465990
0.064700 1.469524
0.064800 1.473054
0.064900 1.476581
0.065000 1.480104
0.065100 1.483624
0.065200 1.487141
0.065300 1.490653
0.065400 1.494163
0.065500 1.497669
0.065600 1.501171
0.065700 1.504670
0.065800 1.508165
0.065900 1.511657
0.066000 1.515145
0.066100 1.518630
0.066200 1.522112
0.066300 1.525589
0.066400 1.529064
0.066500 1.532535
0.066600 1.536002
0.066700 1.539466
0.066800 1.542927
0.066900 1.546384
0.067000 1.549837
0.067100 1.553288
0.067200 1.556734
0.067300 1.560178
0.067400 1.563617
0.067500 1.567054
0.067600 1.570487
0.067700 1.573916
0.067800 1.577342
0.067900 1.580765
0.068000 1.584184
0.068100 1.587600
0.068200 1.591012
0.068300 1.594421
0.068400 1.597827
0.068500 1.601229
0.068600 1.604628
0.068700 1.608023
0.068800 1.611415
0.068900 1.614804
0.069000 1.618189
0.069100 1.621571
0.069200 1.624949
0.069300 1.628324
0.069400 1.631696
0.069500 1.635064
0.069600 1.638429
0.069700 1.641791
0.069800 1.645149
0.069900 1.648504
0.070000 1.651855
0.070100 1.655204
0.070200 1.658548
0.070300 1.661890
0.070400 1.665228
0.070500 1.668563
0.070600 1.671894
0.070700 1.675222
0.070800 1.678547
0.070900 1.681869
0.071000 1.685187
0.071100 1.688501
0.071200 1.691813
0.071300 1.695121
0.071400 1.698426
0.071500 1.701728
0.071600 1.705026
0.071700 1.708321
0.071800 1.711613
0.071900 1.714901
0.072000 1.718186
0.072100 1.716470
0.072200 1.714756
0.072300 1.713044
0.072400 1.711334
0.072500 1.709625
0.072600 1.707915
0.072700 1.706207
0.072800 1.704501
0.072900 1.702796
0.073000 1.701094
0.073100 1.699393
0.073200 1.697693
0.073300 1.695995
0.073400 1.694299
0.073500 1.692605
0.073600 1.690913
0.073700 1.689222
0.073800 1.687532
0.073900 1.685845
0.074000 1.684159
0.074100 1.682475
0.074200 1.680792
0.074300 1.679112
0.074400 1.677432
0.074500 1.675755
0.074600 1.674079
0.074700 1.672405
0.074800 1.670733
0.074900 1.669062
0.075000 1.667393
0.075100 1.665726
0.075200 1.664060
0.075300 1.662396
0.075400 1.660733
0.075500 1.659073
0.075600 1.657414
0.075700 1.655756
0.075800 1.654100
0.075900 1.652446
0.076000 1.650794
0.076100 1.649143
0.076200 1.647494
0.076300 1.645847
0.076400 1.644201
0.076500 1.642556
0.076600 1.640914
0.076700 1.639273
0.076800 1.637634
0.076900 1.635996
0.077000 1.634360
0.077100 1.632726
0.077200 1.631093
0.077300 1.629462
0.077400 1.627832
0.077500 1.626205
0.077600 1.624578
0.077700 1.622954
0.077800 1.621331
0.077900 1.619710
0.078000 1.618090
0.078100 1.616472
0.078200 1.614855
0.078300 1.613240
0.078400 1.611627
0.078500 1.610016
0.078600 1.608406
0.078700 1.606797
0.078800 1.605190
0.078900 1.603585
0.079000 1.601982
0.079100 1.600380
0.079200 1.598779
0.079300 1.597180
0.079400 1.595583
0.079500 1.593988
0.079600 1.592394
0.079700 1.590801
0.079800 1.589210
0.079900 1.587621
0.080000 1.586034
0.080100 1.589445
0.080200 1.592853
0.080300 1.596258
0.080400 1.599659
0.080500 1.603057
0.080600 1.606454
0.080700 1.609847
0.080800 1.613238
0.080900 1.616624
0.081000 1.620008
0.081100 1.623388
0.081200 1.626764
0.081300 1.630138
0.081400 1.633507
0.081500 1.636874
0.081600 1.640237
0.081700 1.643597
0.081800 1.646953
0.081900 1.650306
0.082000 1.653656
0.082100 1.657002
0.082200 1.660345
0.082300 1.663685
0.082400 1.667021
0.082500 1.670354
0.082600 1.673684
0.082700 1.677010
0.082800 1.680333
0.082900 1.683653
0.083000 1.686969
0.083100 1.690282
0.083200 1.693592
0.083300 1.696898
0.083400 1.700201
0.083500 1.703501
0.083600 1.706798
0.083700 1.710091
0.083800 1.713381
0.083900 1.716667
0.084000 1.719951
0.084100 1.723231
0.084200 1.726508
0.084300 1.729781
0.084400 1.733051
0.084500 1.736318
0.084600 1.739582
0.084700 1.742842
0.084800 1.746100
0.084900 1.749353
0.085000 1.752604
0.085100 1.755851
0.085200 1.759096
0.085300 1.762337
0.085400 1.765574
0.085500 1.768809
0.085600 1.772040
0.085700 1.775268
0.085800 1.778493
0.085900 1.781714
0.086000 1.784932
0.086100 1.788147
0.086200 1.791359
0.086300 1.794568
0.086400 1.797773
0.086500 1.800976
0.086600 1.804175
0.086700 1.807370
0.086800 1.810563
0.086900 1.813752
0.087000 1.816939
0.087100 1.820122
0.087200 1.823302
0.087300 1.826478
0.087400 1.829652
0.087500 1.832822
0.087600 1.835989
0.087700 1.839153
0.087800 1.842314
0.087900 1.845472
0.088000 1.848626
0.088100 1.851778
0.088200 1.854926
0.088300 1.858071
0.088400 1.861213
0.088500 1.864352
0.088600 1.867487
0.088700 1.870620
0.088800 1.873749
0.088900 1.876876
0.089000 1.879999
0.089100 1.883119
0.089200 1.886236
0.089300 1.889349
0.089400 1.892460
0.089500 1.895568
0.089600 1.898672
0.089700 1.901773
0.089800 1.904872
0.089900 1.907967
0.090000 1.911059
0.090100 1.914148
0.090200 1.917234
0.090300 1.920316
0.090400 1.923396
0.090500 1.926473
0.090600 1.929546
0.090700 1.932617
0.090800 1.935684
0.090900 1.938748
0.091000 1.941810
0.091100 1.944868
0.091200 1.947923
0.091300 1.950975
0.091400 1.954024
0.091500 1.957070
0.091600 1.960113
0.091700 1.963153
0.091800 1.966190
0.091900 1.969223
0.092000 1.972254
0.092100 1.970289
0.092200 1.968322
0.092300 1.966356
0.092400 1.964392
0.092500 1.962430
0.092600 1.965438
0.092700 1.963472
0.092800 1.961509
0.092900 1.959547
0.093000 1.957588
0.093100 1.955630
0.093200 1.953674
0.093300 1.951721
0.093400 1.949769
0.093500 1.947819
0.093600 1.945872
0.093700 1.943926
0.093800 1.941982
0.093900 1.940040
0.094000 1.938100
0.094100 1.936162
0.094200 1.934225
0.094300 1.932291
0.094400 1.930359
0.094500 1.928429
0.094600 1.926500
0.094700 1.924574
0.094800 1.922649
0.094900 1.920726
0.095000 1.918806
0.095100 1.916887
0.095200 1.914970
0.095300 1.913055
0.095400 1.911142
0.095500 1.909231
0.095600 1.907322
0.095700 1.905414
0.095800 1.903509
0.095900 1.901605
0.096000 1.899704
0.096100 1.897804
0.096200 1.895906
0.096300 1.894010
0.096400 1.892116
0.096500 1.890224
0.096600 1.888334
0.096700 1.886446
0.096800 1.884559
0.096900 1.882675
0.097000 1.880792
0.097100 1.878911
0.097200 1.877032
0.097300 1.875155
0.097400 1.873280
0.097500 1.871407
0.097600 1.869535
0.097700 1.867666
0.097800 1.865798
0.097900 1.863932
0.098000 1.862068
0.098100 1.860206
0.098200 1.858346
0.098300 1.856488
0.098400 1.854631
0.098500 1.852777
0.098600 1.850924
0.098700 1.849073
0.098800 1.847224
0.098900 1.845377
0.099000 1.843531
0.099100 1.841688
0.099200 1.839846
0.099300 1.838006
0.099400 1.836168
0.099500 1.834332
0.099600 1.832498
0.099700 1.830665
0.099800 1.828835
0.099900 1.827006
0.100000 1.825179
